date,Action,Adventure,Comedy,Drama,Horror,Thriller/Suspense
200601,0.152123266,0.231897117,0.274551759,0.230195165,0.111232693,0
200602,0.076488629,0.344048856,0.239366673,0.132611095,0.156460794,0.051023953
200603,0.183583917,0.28309632,0.225793837,0.100863365,0.115545368,0.091117193
200604,0.06912678,0.223196677,0.331895373,0.211192565,0.101816696,0.062771908
200605,0.33740223,0.25113156,0.097114661,0.083424443,0.061259881,0.169667225
200606,0.159297289,0.33490674,0.229974745,0.080503207,0.089617487,0.105700532
200607,0.142533885,0.396442596,0.234930571,0.050864737,0.069662593,0.105565617
200608,0.136647336,0.353319629,0.254189753,0.101038879,0.04974193,0.105062473
200609,0.133641421,0.342189893,0.241222751,0.145460638,0.034816957,0.102668341
200610,0.136499774,0.312730511,0.212024741,0.178946023,0.058952144,0.100846807
200611,0.092236256,0.339616508,0.262809301,0.184624734,0.052419764,0.068293437
200612,0.102408188,0.308402945,0.181507182,0.278662146,0.051861161,0.077158377
200701,0.102481357,0.231282437,0.169304167,0.351603631,0.063701814,0.081626594
200702,0.138024754,0.218619204,0.146693694,0.33052219,0.070767084,0.095373074
200703,0.165403067,0.201269896,0.19424541,0.27477205,0.072634116,0.091675461
200704,0.179204871,0.209894779,0.209623792,0.224131375,0.048625077,0.128520106
200705,0.130338973,0.348141574,0.145240312,0.217991211,0.05262608,0.10566185
200706,0.173149386,0.36952884,0.173655504,0.108375897,0.063272909,0.112017464
200707,0.216436025,0.409575519,0.157996568,0.06973903,0.051708442,0.094544416
200708,0.214283446,0.404051826,0.169747682,0.042473618,0.052589164,0.116854264
200709,0.197078426,0.428649163,0.15565382,0.043080354,0.06179836,0.113739877
200710,0.189055377,0.436751627,0.151061771,0.073059152,0.074354304,0.075717769
200711,0.231053135,0.288621976,0.18560193,0.128688013,0.081254892,0.084780055
200712,0.157282812,0.293241706,0.199073233,0.152287524,0.133912563,0.064202162
200801,0.131820946,0.222511217,0.220328213,0.175087795,0.172485287,0.077766543
200802,0.094142298,0.268351847,0.205883857,0.213676204,0.171544441,0.046401353
200803,0.078371371,0.316919936,0.187958088,0.18568053,0.164927107,0.066142969
200804,0.088876971,0.317870349,0.191362704,0.148573863,0.18001445,0.073301663
200805,0.067937941,0.422757293,0.189752973,0.082058604,0.160520425,0.076972765
200806,0.096357701,0.466415769,0.208954476,0.045271884,0.083706526,0.099293643
200807,0.230392833,0.420360608,0.177829174,0.037614764,0.054166529,0.079636091
200808,0.234821397,0.401309441,0.212572382,0.020252575,0.069798245,0.061245961
200809,0.243264372,0.366241377,0.216940368,0.037245726,0.057477752,0.078830404
200810,0.228060845,0.356049266,0.193671834,0.062577201,0.079318061,0.080322792
200811,0.254075388,0.257004018,0.199195448,0.142631794,0.078330465,0.068762886
200812,0.231530932,0.191195783,0.193963781,0.233356033,0.077635408,0.072318063
200901,0.080953112,0.221996046,0.196904802,0.263003893,0.132489087,0.10465306
200902,0.074603199,0.217506556,0.16394552,0.27639674,0.1489798,0.118568186
200903,0.089957707,0.250537332,0.160305508,0.235852724,0.173202849,0.09014388
200904,0.121937207,0.242902484,0.174999042,0.241032637,0.11612447,0.10300416
200905,0.138479186,0.321884878,0.135814104,0.146417625,0.12851043,0.128893777
200906,0.235502561,0.286438341,0.16818839,0.060114607,0.133161653,0.116594448
200907,0.219996159,0.361757823,0.180275135,0.071101797,0.082861938,0.084007148
200908,0.252774302,0.320152048,0.168454136,0.077265446,0.089712778,0.09164129
200909,0.247807682,0.307643873,0.160920155,0.085490038,0.108363961,0.089774292
200910,0.215754651,0.326857667,0.185550161,0.068282026,0.117805197,0.085750298
200911,0.199583746,0.22275649,0.192524939,0.214356884,0.103263616,0.067514325
200912,0.231549493,0.274791935,0.108441596,0.227524833,0.093232384,0.06445976
201001,0.273995746,0.195145184,0.095605102,0.228591826,0.12707599,0.079586153
201002,0.232145569,0.215287063,0.085180767,0.242950623,0.133876809,0.090559169
201003,0.213356486,0.295258378,0.083664971,0.249327423,0.077558256,0.080834486
201004,0.247681662,0.277101599,0.059504453,0.259075682,0.0924181,0.064218504
201005,0.32742515,0.31010771,0.073094783,0.131758265,0.098521736,0.059092357
201006,0.216008017,0.355257589,0.121997534,0.144575433,0.107352032,0.054809395
201007,0.180031659,0.389042725,0.120839256,0.12712763,0.067352105,0.115606625
201008,0.19636502,0.372777069,0.149840157,0.13347724,0.053466914,0.0940736
201009,0.209488318,0.290009145,0.159497531,0.130400951,0.092462959,0.118141096
201010,0.186927811,0.280022951,0.138598311,0.146515871,0.126213076,0.121721979
201011,0.110015643,0.315770378,0.142499039,0.178491323,0.125004257,0.12821936
201012,0.078496527,0.308707589,0.141917006,0.160251676,0.131789522,0.17883768
201101,0.113288839,0.243696759,0.159520921,0.18930494,0.175014354,0.119174187
201102,0.107888843,0.267527755,0.164500636,0.16928542,0.151987463,0.138809884
201103,0.130102038,0.292688697,0.150834,0.161894561,0.100081927,0.164398777
201104,0.146998098,0.329631943,0.164288373,0.137062704,0.060243065,0.161775816
201105,0.160587458,0.311321698,0.226943337,0.081869657,0.071987056,0.147290796
201106,0.286301683,0.262004671,0.20433281,0.050821076,0.068152409,0.128387352
201107,0.273008993,0.326615276,0.206031095,0.043074143,0.045952821,0.105317672
201108,0.250701993,0.334278708,0.177274543,0.07191983,0.072898904,0.092926023
201109,0.247310859,0.308141744,0.176513765,0.101288247,0.090021255,0.07672413
201110,0.240717257,0.313329278,0.167299629,0.099439421,0.107077021,0.072137394
201111,0.224993564,0.291782847,0.123475934,0.188736367,0.09724396,0.073767327
201112,0.19162684,0.286123548,0.114777099,0.23245229,0.099530047,0.075490176
201201,0.19683685,0.201042148,0.087668458,0.269655148,0.138217959,0.106579438
201202,0.219274282,0.179855787,0.069747583,0.269647366,0.124142601,0.137332381
201203,0.180558247,0.24488039,0.102944184,0.19891519,0.097154229,0.17554776
201204,0.178846533,0.231584022,0.131649536,0.210809442,0.052140801,0.194969665
201205,0.305403612,0.208661888,0.115300564,0.119457589,0.05922251,0.191953837
201206,0.204555019,0.276731855,0.189304241,0.077263164,0.071129086,0.181016636
201207,0.232252362,0.325335733,0.171718471,0.070213503,0.044736341,0.15574359
201208,0.238405555,0.325086588,0.187984305,0.058319862,0.04502464,0.14517905
201209,0.278977626,0.301656717,0.176374333,0.079658328,0.0744435,0.088889497
201210,0.254926062,0.279750431,0.156697805,0.070474672,0.113369173,0.124781857
201211,0.178951711,0.276786698,0.123687819,0.202949924,0.100374361,0.117249487
201212,0.19783389,0.264122308,0.072510031,0.228736163,0.097078003,0.139719604
201301,0.148191599,0.202249937,0.100594819,0.246064214,0.151537418,0.151362013
201302,0.139055028,0.199118811,0.125867314,0.246978912,0.141188672,0.147791263
201303,0.136740546,0.251830636,0.112675468,0.225631691,0.106509219,0.166612439
201304,0.155227602,0.259042027,0.111282965,0.256415884,0.085442946,0.132588576
201305,0.232811534,0.273508729,0.14099256,0.110919292,0.084316005,0.15745188
201306,0.302180586,0.221684402,0.16434593,0.091606727,0.099858283,0.120324071
201307,0.295023377,0.278169286,0.151972905,0.080424721,0.096637422,0.09777229
201308,0.302319029,0.287127265,0.149005565,0.086563264,0.0927413,0.082243577
201309,0.316160105,0.249649026,0.157430647,0.08665702,0.125062728,0.065040475
201310,0.294280818,0.237873557,0.161506105,0.090947716,0.112486576,0.102905228
201311,0.232655995,0.29485028,0.170254918,0.090204244,0.121676727,0.090357837
201312,0.189811385,0.336325664,0.165458801,0.117761981,0.106929226,0.083712943
201401,0.17106712,0.304215777,0.186568794,0.149260639,0.087591221,0.101296447
201402,0.164531902,0.332601161,0.140324465,0.1731742,0.081922153,0.107446119
201403,0.181414008,0.354961909,0.14575498,0.193040219,0.038252774,0.08657611
201404,0.241151211,0.380867281,0.145537443,0.180054722,0.038388651,0.014000693
201405,0.32283451,0.3064151,0.159211071,0.16071166,0.037144547,0.013683112
201406,0.359362714,0.266634148,0.154563468,0.167565599,0.03696858,0.01490549
201407,0.342123921,0.304554138,0.14389239,0.151035243,0.026901558,0.031492751
201408,0.365928436,0.272997837,0.160171255,0.134732073,0.025216705,0.040953694
201409,0.400404513,0.236598104,0.160588787,0.120589663,0.027865102,0.053953831
201410,0.350334629,0.224438349,0.143306225,0.128883644,0.064464844,0.088572308
201411,0.231291658,0.272069229,0.126292759,0.150070048,0.065771018,0.154505288
201412,0.158820588,0.298646018,0.092887343,0.237014082,0.064535429,0.14809654
201501,0.163483005,0.265912311,0.08367239,0.268690921,0.067379767,0.150861605
201502,0.127413594,0.278790528,0.081180777,0.290810527,0.081967151,0.139837422
201503,0.110988339,0.285951395,0.097411478,0.301900768,0.081382064,0.122365955
201504,0.171164126,0.294782175,0.093015142,0.307568903,0.043648495,0.089821159
201505,0.291061311,0.236339726,0.117791863,0.275065558,0.061105655,0.018635886
201506,0.394976261,0.225784171,0.146061121,0.140060399,0.075717059,0.017400989
201507,0.404465458,0.245156987,0.1551602,0.121693516,0.064852229,0.008671611
201508,0.409425397,0.22496647,0.143413864,0.133692915,0.067440472,0.021060882
201509,0.394420297,0.237710807,0.131894579,0.111819965,0.087386041,0.03676831
201510,0.335890586,0.229280408,0.134545528,0.098611867,0.11885506,0.082816551
201511,0.273176617,0.23560482,0.111903992,0.136068529,0.105437255,0.137808787
201512,0.156840552,0.356513659,0.107594399,0.153084984,0.096218597,0.129747809
201601,0.097796238,0.360644897,0.104442005,0.157020359,0.114159701,0.1659368
201602,0.138657105,0.359243455,0.112512528,0.124382631,0.112096817,0.153107464
201603,0.182550856,0.354999333,0.109341338,0.118344616,0.08156648,0.153197378
201604,0.192177266,0.417976775,0.13364295,0.115470432,0.038443675,0.102288902
201605,0.264627665,0.420168998,0.135868897,0.078156234,0.043673651,0.057504555
201606,0.31470666,0.32972433,0.129834744,0.077111401,0.072263706,0.076359158
201607,0.281071649,0.370666009,0.132277115,0.065458986,0.096060869,0.054465371
201608,0.268642031,0.374835227,0.133413353,0.059451515,0.112668128,0.050989747
201609,0.226513771,0.381142698,0.135399985,0.080435295,0.130575547,0.045932704
201610,0.231002251,0.328730063,0.1272553,0.08598523,0.14543336,0.081593795
201611,0.167836061,0.354952612,0.116796186,0.147336751,0.137846418,0.075231973
201612,0.14949068,0.384924534,0.109652658,0.170472414,0.101088886,0.084370829
201701,0.161285578,0.316411292,0.073519604,0.220184086,0.129207526,0.099391915
201702,0.117572472,0.320890268,0.059838958,0.228762288,0.173629857,0.099306156
201703,0.179156277,0.332719692,0.051257245,0.19831375,0.157560373,0.080992663
201704,0.216059825,0.33799501,0.048933403,0.201032602,0.145875755,0.050103405
201705,0.251685106,0.315951015,0.066699339,0.13956805,0.177845799,0.048250691
201706,0.341943105,0.270760641,0.048942123,0.097191996,0.197791327,0.043370809
201707,0.420574738,0.266258512,0.064962183,0.077402443,0.129195775,0.041606349
201708,0.44500415,0.262777387,0.069787496,0.065457759,0.101073741,0.055899468
201709,0.392849832,0.202826817,0.067457554,0.055798744,0.217921379,0.063145673
201710,0.354975891,0.19721215,0.061422756,0.054859217,0.250760868,0.080769118
201711,0.368102055,0.156285986,0.071934753,0.112012556,0.214369703,0.077294947
201712,0.269481196,0.248753004,0.097027906,0.131741873,0.191186455,0.061809566
201801,0.200482468,0.261907232,0.085722739,0.157995601,0.234992488,0.058899472
201802,0.28497097,0.244340538,0.082802329,0.160502696,0.180929301,0.046454166
201803,0.296126468,0.294294017,0.091361771,0.187427144,0.077287248,0.053503352
201804,0.367806591,0.251286573,0.093357526,0.154935117,0.095580732,0.037033461
201805,0.359689965,0.299220735,0.084595662,0.104448201,0.103101176,0.04894426
201806,0.465531489,0.215328295,0.072474275,0.080018909,0.118174729,0.048472303
201807,0.49227637,0.21950201,0.068569864,0.064734663,0.110802673,0.044114419
201808,0.457394428,0.244742346,0.069697275,0.053879727,0.124416946,0.049869279
201809,0.453688823,0.215568218,0.092163622,0.034124924,0.162535421,0.041918992
201810,0.381304931,0.231116497,0.073906074,0.092959588,0.182238872,0.038474038
201811,0.29381925,0.283207058,0.07739211,0.143998108,0.166640902,0.034942572
201812,0.274553763,0.259753244,0.079575341,0.18320702,0.1679883,0.034922331
201901,0.189809702,0.252644165,0.107209011,0.208031344,0.178354716,0.063951062
201902,0.173188601,0.280167392,0.105264803,0.201056056,0.171973088,0.06835006
201903,0.22997162,0.279549996,0.086189562,0.197505431,0.113701564,0.093081827
201904,0.353917169,0.262786659,0.086636251,0.13639272,0.07796675,0.082300451
201905,0.40825979,0.240915834,0.07514741,0.095963273,0.098808113,0.08090558
201906,0.351208169,0.301977958,0.068026777,0.061991869,0.137446735,0.079348492
201907,0.362150529,0.346530082,0.045896565,0.050617823,0.122707969,0.072097032
201908,0.359972337,0.312093329,0.054594834,0.062761136,0.134909771,0.075668592
201909,0.307976025,0.303895766,0.043131455,0.087488137,0.204027014,0.053481604
201910,0.180684071,0.369465034,0.055168605,0.090774271,0.188983306,0.114924712
201911,0.154069581,0.359499277,0.049465587,0.145441943,0.176028833,0.115494779
201912,0.134468617,0.37747801,0.041052985,0.16909437,0.13447317,0.143432847
202001,0.126066923,0.345090339,0.046409429,0.191924139,0.148674857,0.141834314
202002,0.112270623,0.374213666,0.032303074,0.186542456,0.167512378,0.127157803
202003,0.122548766,0.433170834,0.036326262,0.170084889,0.10048132,0.13738793
202004,0.128418397,0.467317055,0.021237852,0.198783641,0.107892668,0.076350387
202005,0.136680312,0.503499689,0.013839934,0.113414137,0.137017247,0.09554868
202006,0.288768548,0.308974921,0.028762222,0.070463759,0.27686929,0.02616126
202007,0.139433355,0.412218992,0.016532406,0.100679848,0.316285737,0.014849662
202008,0.064088273,0.333316243,0.01783801,0.152130053,0.278801261,0.15382616
202009,0.365839167,0.029619255,0.02539775,0.055688276,0.344820088,0.178635464
202010,0.261800973,0.027584089,0.101303037,0.04827967,0.365740175,0.195292057
202011,0.209018606,0.139752001,0.080936274,0.042514749,0.336672712,0.191105658
202012,0.283396759,0.13927946,0.076270559,0.040270841,0.288888911,0.17189347
